NO	Overlapping
0	1970
1	1927
2	1950
3	1965
4	2006
5	1984
6	1943
7	1997
8	2003
9	1980
10	1915
11	2009
12	1972
13	1943
14	1995
15	1897
16	1978
17	1942
18	1948
19	1995
20	1886
21	1991
22	1942
23	2025
24	2006
25	1970
26	1955
27	1968
28	1949
29	1980
30	1941
31	2004
32	2018
33	2012
34	2034
35	1954
36	1982
37	2021
38	1959
39	2017
40	2024
41	1965
42	1969
43	1937
44	1972
45	1933
46	1954
47	2026
48	2003
49	1981
50	1997
51	1987
52	1967
53	1916
54	1957
55	1979
56	1974
57	1988
58	1988
59	2054
60	1966
61	1936
62	1956
63	1965
64	2002
65	1988
66	2003
67	2062
68	1889
69	1994
70	1966
71	1926
72	1896
73	1954
74	1968
75	1964
76	1938
77	1977
78	1948
79	1971
80	1968
81	1901
82	2035
83	2005
84	2000
85	1887
86	2004
87	1913
88	1935
89	1934
90	1903
91	2033
92	1961
93	1951
94	1929
95	1932
96	1956
97	1964
98	1928
99	2039
100	1967
101	2029
102	1958
103	1984
104	1961
105	1892
106	2049
107	1890
108	2030
109	1952
110	1957
111	1977
112	1899
113	2000
114	1969
115	1918
116	2008
117	1922
118	1987
119	1970
120	1966
121	1891
122	1975
123	2004
124	2047
125	1964
126	1954
127	2008
128	2010
129	1953
130	1926
131	2062
132	2011
133	2015
134	1998
135	2013
136	1990
137	1962
138	2003
139	1954
140	1862
141	1956
142	1986
143	1945
144	2025
145	1956
146	2068
147	1986
148	1918
149	1923
150	2042
151	1995
152	1965
153	1946
154	1944
155	1903
156	1982
157	1923
158	1995
159	2023
160	1985
161	2015
162	1960
163	1998
164	1928
165	1925
166	1953
167	1984
168	1888
169	1971
170	2015
171	1990
172	1947
173	1995
174	2063
175	1964
176	1975
177	1990
178	1946
179	1978
180	1957
181	1942
182	1938
183	1932
184	1946
185	2029
186	1940
187	2002
188	1843
189	2047
190	1917
191	1995
192	2021
193	1921
194	1980
195	1928
196	2088
197	1978
198	1992
199	1950
200	1933
201	1859
202	1973
203	1886
204	1985
205	1950
206	1979
207	2021
208	2020
209	1919
210	1867
211	1960
212	2035
213	1996
214	1986
215	1942
216	1921
217	2018
218	2053
219	1971
220	2032
221	2012
222	2004
223	1952
224	2021
225	2013
226	2017
227	1948
228	2011
229	1965
230	2008
231	1946
232	2011
233	2011
234	1974
235	2009
236	2010
237	2054
238	2021
239	1968
240	2099
241	1980
242	2015
243	2020
244	2025
245	2007
246	2039
247	2021
248	1883
249	1991
250	2012
251	1894
252	1931
253	1995
254	1947
255	2043
256	1911
257	1993
258	1958
259	1978
260	2019
261	2036
262	2004
263	1927
264	1971
265	1991
266	1959
267	1945
268	1957
269	1995
270	1911
271	1914
272	1978
273	1997
274	1946
275	1963
276	1997
277	2007
278	2007
279	1986
280	1941
281	1987
282	1915
283	1973
284	1934
285	1925
286	2014
287	2007
288	1961
289	1950
290	1969
291	2005
292	1949
293	2008
294	1956
295	1992
296	1997
297	1983
298	1981
299	2001
300	1970
301	2009
302	1941
303	2027
304	1986
305	1929
306	2044
307	1996
308	1972
309	1919
310	2022
311	1943
312	1883
313	2046
314	2023
315	1922
316	2016
317	1917
318	1939
319	1966
320	1920
321	1953
322	2020
323	1913
324	1975
325	1949
326	2105
327	1931
328	1954
329	1968
330	1933
331	1904
332	1980
333	1988
334	1972
335	1965
336	2003
337	2028
338	1991
339	1970
340	1876
341	2012
342	1998
343	2000
344	1918
345	1935
346	1951
347	1976
348	1884
349	1996
350	2049
351	1947
352	1958
353	1964
354	1919
355	2029
356	1980
357	1957
358	1930
359	1960
360	1927
361	1965
362	1853
363	1930
364	1955
365	2018
366	1974
367	1965
368	2034
369	1985
370	2005
371	2032
372	2023
373	2002
374	1996
375	1981
376	1996
377	1959
378	1986
379	1973
380	2048
381	2010
382	2044
383	1960
384	1960
385	1885
386	2043
387	1976
388	2026
389	1999
390	1988
391	1984
392	1907
393	1948
394	1980
395	1963
396	2006
397	1978
398	2073
399	2059
400	1966
401	2010
402	1962
403	1958
404	2037
405	2030
406	1984
407	1983
408	1890
409	1969
410	1971
411	2003
412	2016
413	1909
414	2014
415	1943
416	1966
417	1935
418	1984
419	1913
420	2009
421	2008
422	1961
423	1950
424	1943
425	2013
426	1933
427	1906
428	1968
429	1987
430	2015
431	2016
432	1951
433	1983
434	1938
435	1982
436	1972
437	1961
438	2011
439	1944
440	2067
441	1925
442	1929
443	1987
444	1966
445	1966
446	1967
447	1904
448	2008
449	1971
450	1926
451	2002
452	1980
453	1972
454	2014
455	1968
456	1985
457	2000
458	1975
459	1886
460	1997
461	1973
462	2002
463	1973
464	1930
465	1999
466	1979
467	2002
468	1983
469	1986
470	1927
471	1972
472	1987
473	1978
474	1944
475	1944
476	1971
477	2031
478	1996
479	1997
480	1996
481	2041
482	2005
483	1921
484	2037
485	1997
486	1991
487	1959
488	2014
489	1982
490	1928
491	1977
492	1957
493	1943
494	1946
495	1916
496	2010
497	1955
498	1993
499	1975
500	1901
501	1966
502	1994
503	2019
504	1918
505	2019
506	1949
507	2007
508	1969
509	1967
510	2005
511	1963
512	1999
513	1939
514	1924
515	1970
516	1907
517	1921
518	1915
519	1930
520	2041
521	1948
522	2008
523	1966
524	1959
525	2034
526	1946
527	1997
528	2009
529	1894
530	1974
531	1969
532	1971
533	1990
534	1957
535	2019
536	2059
537	1994
538	2010
539	2030
540	1975
541	1996
542	1976
543	1986
544	1972
545	1994
546	1997
547	2014
548	1967
549	1881
550	1971
551	1992
552	2069
553	1996
554	1927
555	1964
556	1967
557	1978
558	2017
559	1947
560	1949
561	1927
562	2068
563	1968
564	1954
565	1945
566	1942
567	1942
568	1951
569	1993
570	1933
571	1877
572	1958
573	2016
574	1971
575	1944
576	1942
577	1989
578	2068
579	1989
580	2030
581	1983
582	2007
583	2094
584	2031
585	1954
586	1937
587	1931
588	1983
589	1938
590	1919
591	1982
592	1970
593	1893
594	1993
595	1980
596	1969
597	2016
598	1967
599	1977
600	1971
601	1934
602	1972
603	1917
604	1986
605	1892
606	2035
607	1972
608	1924
609	1930
610	1973
611	1999
612	2011
613	2062
614	1958
615	1924
616	2077
617	1982
618	1993
619	1925
620	1962
621	2051
622	2039
623	1949
624	1946
625	2007
626	1939
627	1995
628	1918
629	1996
630	1961
631	2019
632	1953
633	1943
634	1882
635	1946
636	1980
637	1981
638	2011
639	1978
640	1912
641	1959
642	1931
643	2046
644	1979
645	1988
646	1956
647	1974
648	1913
649	2022
650	1961
651	1925
652	1886
653	1988
654	2031
655	1917
656	1971
657	2012
658	1959
659	1942
660	2029
661	1990
662	1962
663	1964
664	2067
665	1982
666	1931
667	1948
668	1993
669	1957
670	1997
671	2032
672	2006
673	1949
674	2000
675	2000
676	1989
677	2024
678	2042
679	1916
680	2007
681	1951
682	1957
683	1891
684	1979
685	1946
686	1924
687	1967
688	1997
689	1988
690	1982
691	2006
692	1994
693	1943
694	1972
695	1992
696	2086
697	2002
698	2013
699	1994
700	2062
701	1961
702	1961
703	1990
704	1927
705	1935
706	1988
707	1988
708	1944
709	1964
710	1918
711	1987
712	2019
713	1894
714	2097
715	2088
716	2026
717	2039
718	2009
719	1903
720	1934
721	1959
722	1967
723	1914
724	1926
725	1994
726	1969
727	1997
728	1970
729	1969
730	2077
731	2036
732	1923
733	2035
734	1977
735	2017
736	1979
737	1977
738	1980
739	1999
740	1977
741	1972
742	2002
743	1946
744	1955
745	2030
746	1997
747	1941
748	1950
749	1985
750	2016
751	2035
752	1951
753	1943
754	2065
755	2011
756	2036
757	1996
758	1973
759	1930
760	2044
761	1937
762	1968
763	1941
764	1940
765	1984
766	1917
767	1962
768	2008
769	1969
770	1982
771	1928
772	1988
773	1910
774	1981
775	2035
776	1962
777	1977
778	1949
779	1969
780	1920
781	1941
782	1925
783	1962
784	1964
785	1962
786	1992
787	2005
788	1970
789	1981
790	1969
791	1958
792	1893
793	1953
794	2006
795	1929
796	1931
797	2036
798	1913
799	1931
800	2018
801	2016
802	1977
803	1992
804	1963
805	1899
806	1969
807	2020
808	1987
809	1994
810	2015
811	1897
812	1984
813	1931
814	1924
815	1991
816	2038
817	1975
818	1976
819	2064
820	1925
821	1919
822	2015
823	1953
824	1986
825	2006
826	2027
827	2014
828	1984
829	1962
830	2027
831	1930
832	1988
833	2023
834	1986
835	1993
836	1990
837	2001
838	1998
839	1980
840	1904
841	1930
842	1996
843	1944
844	2089
845	2015
846	2022
847	1977
848	1973
849	1945
850	2028
851	1993
852	2053
853	2030
854	1984
855	1945
856	2044
857	1961
858	1969
859	1904
860	1884
861	1895
862	2015
863	2006
864	1967
865	1975
866	2015
867	1976
868	2043
869	1983
870	1949
871	1929
872	1980
873	2000
874	2006
875	2019
876	1997
877	1985
878	1950
879	2003
880	1959
881	2033
882	1951
883	1995
884	2069
885	1905
886	1931
887	2005
888	2000
889	2037
890	2030
891	1980
892	2012
893	1913
894	1915
895	1998
896	1905
897	1960
898	2006
899	1975
900	2033
901	1966
902	1969
903	2025
904	1893
905	1917
906	1973
907	1916
908	1964
909	2022
910	1948
911	1953
912	2011
913	1957
914	1956
915	1936
916	1919
917	2031
918	2007
919	1932
920	2048
921	1961
922	1961
923	1937
924	2029
925	1975
926	1913
927	1973
928	1864
929	2035
930	2010
931	2017
932	1922
933	1976
934	1925
935	2001
936	2060
937	2008
938	1982
939	2014
940	2018
941	1952
942	2049
943	2013
944	1997
945	2043
946	1953
947	2022
948	1992
949	1976
950	1942
951	1968
952	1936
953	1949
954	1980
955	1923
956	1926
957	1984
958	2028
959	1985
960	1951
961	1994
962	2044
963	2002
964	1955
965	1938
966	1971
967	2002
968	2023
969	1951
970	1999
971	1997
972	1980
973	1994
974	1972
975	1985
976	1925
977	1961
978	1924
979	1972
980	1950
981	1988
982	2038
983	2081
984	1867
985	1913
986	2073
987	1995
988	1976
989	1991
990	1987
991	1986
992	1946
993	2025
994	1998
995	1902
996	2000
997	2015
998	1980
999	1952
