NO	Overlapping
0	8023
1	7911
2	7930
3	8239
4	8089
5	8012
6	8170
7	7981
8	8110
9	8094
10	8148
11	8111
12	8076
13	8046
14	7993
15	8045
16	8196
17	8202
18	8191
19	8062
20	8186
21	8198
22	8087
23	7952
24	8238
25	8059
26	8145
27	8219
28	8083
29	8062
30	8181
31	8110
32	8137
33	8141
34	8053
35	8046
36	8184
37	8071
38	8087
39	8178
40	8025
41	7993
42	7995
43	8187
44	8205
45	8076
46	8000
47	8076
48	8102
49	8095
50	7978
51	8138
52	8098
53	8208
54	8080
55	8081
56	8106
57	8126
58	8103
59	8160
60	8090
61	8075
62	7998
63	8275
64	8010
65	8192
66	8075
67	7971
68	8174
69	7966
70	8062
71	8100
72	8207
73	8151
74	8179
75	8018
76	8267
77	8010
78	8068
79	8209
80	8100
81	8181
82	7975
83	8084
84	8057
85	8143
86	7978
87	7974
88	8133
89	8255
90	8122
91	8162
92	8072
93	8176
94	8147
95	8029
96	8132
97	8026
98	8127
99	8033
100	7968
101	8250
102	7963
103	8146
104	8112
105	8078
106	7943
107	7967
108	8084
109	8000
110	8052
111	7918
112	8237
113	8097
114	8048
115	7992
116	8053
117	8024
118	8064
119	7955
120	8153
121	8017
122	7940
123	8046
124	8093
125	7889
126	7999
127	8104
128	8147
129	8182
130	8219
131	8184
132	8035
133	8209
134	7968
135	8019
136	8165
137	8164
138	7983
139	8087
140	8279
141	8085
142	8238
143	8068
144	8058
145	8086
146	8057
147	8080
148	8185
149	8088
150	8026
151	8169
152	8028
153	7987
154	7949
155	8161
156	8083
157	8125
158	8015
159	8102
160	8031
161	8104
162	8190
163	8174
164	8081
165	8072
166	8037
167	8019
168	8070
169	8125
170	8198
171	8181
172	8106
173	8184
174	8100
175	8081
176	8110
177	8200
178	7991
179	8084
180	8045
181	8090
182	8250
183	7989
184	8102
185	8159
186	8094
187	8120
188	8140
189	8134
190	8166
191	8123
192	8074
193	7968
194	8131
195	8093
196	8016
197	8059
198	8178
199	8171
200	8122
201	8024
202	8046
203	8069
204	8136
205	8183
206	7979
207	7850
208	8022
209	8083
210	8087
211	7954
212	8012
213	8091
214	8176
215	7944
216	8220
217	8045
218	7998
219	8060
220	8238
221	8218
222	8069
223	8190
224	8060
225	8126
226	8100
227	8036
228	8197
229	8228
230	8007
231	8135
232	8074
233	8180
234	8089
235	8156
236	7985
237	8135
238	8071
239	8109
240	8032
241	8155
242	8152
243	8111
244	8294
245	8245
246	8115
247	8028
248	8095
249	8084
250	8030
251	8143
252	8174
253	8117
254	8263
255	8096
256	7981
257	8055
258	8197
259	8077
260	8068
261	8286
262	8124
263	8274
264	8079
265	7922
266	8025
267	8031
268	8192
269	8002
270	8088
271	8118
272	8046
273	8154
274	8134
275	8147
276	8167
277	8015
278	8209
279	8134
280	8109
281	8102
282	8163
283	8071
284	8029
285	8109
286	8101
287	8143
288	7968
289	8027
290	8148
291	8206
292	8187
293	8089
294	8117
295	7916
296	8232
297	8044
298	7987
299	8158
300	7947
301	8076
302	8049
303	8127
304	7943
305	8090
306	8065
307	8108
308	8111
309	8111
310	8059
311	8135
312	7961
313	8130
314	8184
315	8142
316	8168
317	8176
318	8043
319	8107
320	7987
321	8011
322	8130
323	8073
324	8158
325	8146
326	7935
327	8144
328	8158
329	8096
330	8010
331	7987
332	8275
333	8084
334	7971
335	7974
336	8036
337	8128
338	8208
339	8157
340	8100
341	8056
342	8103
343	8100
344	8195
345	8167
346	8087
347	8098
348	8169
349	8166
350	8085
351	8180
352	8147
353	8112
354	8003
355	8118
356	8167
357	8096
358	7879
359	8010
360	8147
361	8036
362	8162
363	8243
364	8000
365	8152
366	8255
367	8141
368	8141
369	8129
370	7952
371	8065
372	8162
373	7959
374	7943
375	8176
376	8181
377	8077
378	7947
379	8205
380	8102
381	8190
382	8116
383	8055
384	7921
385	8018
386	8043
387	8162
388	8378
389	7998
390	8186
391	7931
392	8112
393	7925
394	8033
395	8141
396	8063
397	8241
398	7942
399	7911
400	8094
401	8154
402	7973
403	8070
404	8204
405	8270
406	8031
407	7907
408	8035
409	8140
410	8131
411	8012
412	8224
413	8046
414	8166
415	8024
416	8015
417	8120
418	8047
419	8043
420	8038
421	8044
422	8074
423	7959
424	8114
425	8128
426	8076
427	8181
428	8089
429	8177
430	8126
431	8176
432	8082
433	8193
434	8137
435	8078
436	8022
437	8145
438	8035
439	8110
440	8068
441	8027
442	8060
443	8065
444	8166
445	8138
446	8089
447	8277
448	7969
449	8096
450	8072
451	7968
452	8077
453	7978
454	8037
455	8137
456	8165
457	8117
458	8135
459	8018
460	8035
461	8045
462	8041
463	8199
464	8139
465	8084
466	8054
467	8186
468	8018
469	8088
470	8078
471	8099
472	8097
473	8193
474	8073
475	8248
476	8053
477	8009
478	8135
479	8275
480	7978
481	7957
482	8291
483	8154
484	7913
485	8163
486	8103
487	8180
488	8058
489	8167
490	8032
491	8054
492	8095
493	8166
494	7998
495	8199
496	8166
497	8009
498	8262
499	8085
500	8117
501	8112
502	8176
503	8127
504	8051
505	7948
506	8260
507	8073
508	8063
509	8062
510	8073
511	8114
512	8024
513	8099
514	8160
515	8060
516	8093
517	8141
518	8087
519	8056
520	8244
521	8179
522	7989
523	8222
524	8092
525	8094
526	8063
527	8050
528	8055
529	8003
530	8125
531	7996
532	8070
533	8117
534	8090
535	8143
536	8029
537	8198
538	8050
539	8033
540	8092
541	8166
542	8000
543	7977
544	8111
545	8098
546	8138
547	8066
548	8012
549	8144
550	7941
551	8099
552	8071
553	8024
554	8269
555	8123
556	8128
557	7890
558	8155
559	8064
560	8173
561	8141
562	8152
563	8232
564	8087
565	7927
566	8013
567	8154
568	8046
569	7958
570	8154
571	8224
572	8169
573	8135
574	7895
575	8109
576	8104
577	8161
578	8168
579	8171
580	7912
581	8057
582	8179
583	8056
584	8166
585	8016
586	8128
587	8079
588	8091
589	8102
590	8139
591	8055
592	8202
593	8181
594	7974
595	8180
596	7968
597	8032
598	8033
599	8225
600	8092
601	8035
602	7902
603	8006
604	8049
605	8137
606	8042
607	8033
608	8137
609	8096
610	8199
611	8062
612	8090
613	8100
614	8020
615	8177
616	7996
617	8084
618	8077
619	8135
620	8017
621	8108
622	8227
623	8147
624	8008
625	8193
626	8029
627	8165
628	7937
629	8094
630	8101
631	8075
632	8112
633	8015
634	8030
635	8196
636	8264
637	8109
638	8070
639	7853
640	8274
641	8268
642	8133
643	8204
644	7947
645	8125
646	8054
647	8168
648	8095
649	8187
650	8140
651	8072
652	8068
653	8136
654	8108
655	7984
656	8095
657	8038
658	8147
659	8132
660	8134
661	8164
662	8119
663	8164
664	7982
665	8103
666	8055
667	8100
668	8039
669	8101
670	8199
671	8015
672	8012
673	8131
674	8154
675	8035
676	7998
677	8080
678	8162
679	8062
680	8093
681	8209
682	7937
683	8049
684	7960
685	7920
686	8012
687	8240
688	7880
689	8170
690	8158
691	7894
692	8037
693	8137
694	8244
695	7921
696	8024
697	8211
698	7953
699	8119
700	8109
701	7974
702	7929
703	8069
704	8126
705	8063
706	8107
707	7953
708	8023
709	8050
710	8145
711	8081
712	8164
713	8218
714	8083
715	8218
716	8151
717	8148
718	8079
719	8098
720	8197
721	8185
722	8157
723	8093
724	8060
725	8051
726	8185
727	8241
728	8182
729	8077
730	8138
731	8121
732	7978
733	7963
734	8053
735	8044
736	8101
737	8185
738	8000
739	8017
740	8110
741	8125
742	8104
743	7989
744	8030
745	7973
746	8078
747	8307
748	7982
749	7924
750	8088
751	8022
752	8168
753	8035
754	8018
755	8121
756	8102
757	8095
758	8126
759	8131
760	8047
761	8153
762	8125
763	8032
764	8085
765	7927
766	8108
767	8020
768	8041
769	8054
770	7973
771	8185
772	8188
773	8049
774	8092
775	8103
776	8140
777	8020
778	8165
779	7992
780	8096
781	8006
782	8133
783	8093
784	7989
785	8042
786	8013
787	7972
788	8126
789	8116
790	8066
791	8124
792	8111
793	7996
794	8197
795	8087
796	8016
797	8128
798	8063
799	7949
800	8088
801	8069
802	8105
803	8114
804	8097
805	8175
806	8181
807	8079
808	8046
809	8177
810	8037
811	8045
812	8064
813	8023
814	7985
815	8108
816	8094
817	8136
818	8136
819	8116
820	8044
821	8092
822	8107
823	8016
824	8162
825	8030
826	8069
827	8073
828	7939
829	8037
830	8040
831	8236
832	8001
833	7995
834	8287
835	8099
836	8097
837	8058
838	7995
839	8218
840	8048
841	8036
842	8266
843	7973
844	8067
845	8054
846	7986
847	8019
848	8247
849	8120
850	8053
851	8049
852	8169
853	8050
854	8134
855	8134
856	8112
857	8098
858	8073
859	8165
860	8150
861	8165
862	8157
863	8054
864	8016
865	8026
866	7987
867	7955
868	8069
869	7804
870	8245
871	8038
872	8110
873	8033
874	8156
875	8058
876	8239
877	8023
878	8182
879	8059
880	8124
881	8158
882	8058
883	7992
884	8051
885	8051
886	8099
887	7990
888	8016
889	8114
890	8048
891	8047
892	8143
893	8126
894	8070
895	8065
896	8170
897	8019
898	8128
899	8077
900	8185
901	8140
902	8200
903	8095
904	8278
905	8059
906	8101
907	8144
908	8131
909	8115
910	8268
911	8177
912	8172
913	8074
914	8120
915	7986
916	8102
917	8010
918	7980
919	8019
920	8201
921	8209
922	8127
923	8163
924	8038
925	8039
926	7987
927	8261
928	8105
929	8030
930	8260
931	8173
932	8064
933	8097
934	8014
935	8165
936	8051
937	7952
938	7921
939	8219
940	8084
941	8004
942	8048
943	8101
944	8105
945	8314
946	8154
947	8017
948	8187
949	8100
950	8329
951	8183
952	8275
953	8209
954	8086
955	8101
956	8156
957	8082
958	8107
959	7940
960	8197
961	8154
962	8097
963	8043
964	8116
965	8177
966	7946
967	8070
968	8036
969	8068
970	8163
971	8225
972	8122
973	8215
974	8058
975	8083
976	8090
977	8274
978	8098
979	7957
980	8144
981	8222
982	7880
983	8083
984	8019
985	7936
986	8087
987	7982
988	8175
989	8193
990	8207
991	8028
992	8037
993	8128
994	8180
995	7946
996	8164
997	8198
998	8251
999	7999
