NO	Overlapping
0	5928
1	5928
2	5881
3	5810
4	5996
5	5890
6	5792
7	5990
8	5963
9	6074
10	5979
11	6039
12	6057
13	6099
14	5993
15	5921
16	5919
17	6032
18	5943
19	6035
20	6079
21	5895
22	5943
23	5947
24	5979
25	6069
26	6015
27	5939
28	5912
29	6098
30	6148
31	6004
32	5795
33	6091
34	5961
35	5970
36	5925
37	5948
38	5922
39	5983
40	6030
41	5901
42	5804
43	6001
44	5954
45	5898
46	5992
47	5967
48	6007
49	6073
50	6066
51	5951
52	5798
53	5902
54	6060
55	6137
56	5988
57	5944
58	6124
59	5968
60	6036
61	6046
62	6043
63	5931
64	5952
65	5982
66	5930
67	5951
68	5886
69	5841
70	6010
71	5967
72	5939
73	6059
74	6023
75	5988
76	5977
77	5993
78	6086
79	5893
80	5996
81	5972
82	5998
83	6052
84	5940
85	6056
86	6045
87	6012
88	6097
89	5934
90	6009
91	6001
92	5980
93	6077
94	6008
95	5963
96	5740
97	6026
98	5928
99	6115
100	5955
101	5976
102	5977
103	6058
104	5872
105	5937
106	5972
107	6063
108	5960
109	5916
110	6016
111	6002
112	6003
113	6112
114	6088
115	6059
116	6038
117	5945
118	5889
119	6044
120	5991
121	6027
122	5989
123	6025
124	5876
125	6099
126	6003
127	5954
128	6018
129	6002
130	5962
131	5930
132	5871
133	5991
134	5982
135	5970
136	6022
137	6012
138	5967
139	6011
140	5883
141	6085
142	5994
143	5993
144	5985
145	6130
146	5975
147	5944
148	5900
149	6131
150	6076
151	5907
152	5876
153	6038
154	5957
155	5899
156	5938
157	5920
158	5910
159	5995
160	5928
161	5868
162	5922
163	6152
164	6021
165	5978
166	6008
167	6040
168	5883
169	5902
170	6037
171	5898
172	6100
173	6135
174	6033
175	6039
176	5891
177	6072
178	5955
179	6033
180	5994
181	5960
182	5878
183	5955
184	5902
185	5875
186	5912
187	5898
188	5923
189	6152
190	5929
191	5964
192	6142
193	5898
194	6005
195	6079
196	5897
197	5888
198	6027
199	5880
200	5970
201	5952
202	5888
203	5797
204	5994
205	5859
206	6078
207	5918
208	6030
209	6050
210	6046
211	5867
212	5903
213	6034
214	5998
215	6089
216	5938
217	6036
218	6102
219	5772
220	5928
221	6021
222	6049
223	6005
224	5952
225	5919
226	6081
227	5868
228	5890
229	6102
230	6074
231	5929
232	6021
233	6098
234	5919
235	5982
236	6158
237	5942
238	6068
239	5910
240	5912
241	5906
242	5955
243	6002
244	6009
245	6036
246	5995
247	5998
248	5890
249	5935
250	5917
251	5998
252	5972
253	5919
254	5969
255	5932
256	5902
257	5780
258	5996
259	6067
260	5958
261	6031
262	6063
263	5978
264	5890
265	5976
266	6007
267	6127
268	6004
269	5922
270	6010
271	6106
272	5998
273	6053
274	5974
275	5946
276	6000
277	6008
278	6129
279	6019
280	5932
281	5946
282	6158
283	5988
284	5908
285	5940
286	5928
287	5935
288	5952
289	5963
290	5895
291	6012
292	5967
293	5921
294	6111
295	5929
296	5870
297	5972
298	6021
299	6041
300	6020
301	5893
302	6052
303	5938
304	5985
305	5998
306	5982
307	6077
308	6060
309	6069
310	5934
311	6086
312	5821
313	5883
314	5978
315	6086
316	5896
317	5910
318	6065
319	6176
320	6071
321	6150
322	5990
323	6011
324	5976
325	6037
326	5968
327	5960
328	6015
329	6088
330	6081
331	5957
332	6024
333	5996
334	6029
335	6044
336	5784
337	5889
338	6011
339	6122
340	5840
341	5984
342	5888
343	5947
344	6015
345	6111
346	5922
347	5966
348	5950
349	5992
350	5841
351	5995
352	6002
353	5836
354	6055
355	6096
356	5968
357	5992
358	5952
359	5901
360	5997
361	5970
362	5979
363	5982
364	5967
365	5892
366	5893
367	6022
368	5961
369	5916
370	6032
371	5899
372	5930
373	5916
374	5919
375	5823
376	6049
377	5999
378	6004
379	5986
380	6018
381	6106
382	5972
383	6055
384	6033
385	6024
386	5895
387	5981
388	5921
389	5824
390	5996
391	6020
392	6047
393	5894
394	6048
395	5969
396	5903
397	5978
398	5967
399	6008
400	6022
401	5960
402	6004
403	6020
404	6043
405	5884
406	6118
407	5907
408	5872
409	5988
410	5819
411	5978
412	6020
413	5852
414	5975
415	5959
416	6019
417	5944
418	6031
419	6066
420	6031
421	5939
422	6018
423	5924
424	5973
425	5994
426	5960
427	5984
428	5932
429	6128
430	5804
431	6072
432	5944
433	6020
434	5874
435	5914
436	6020
437	5909
438	5991
439	6041
440	5975
441	5906
442	5983
443	6070
444	6028
445	5998
446	5955
447	5991
448	5924
449	5905
450	6150
451	5979
452	6133
453	5934
454	6002
455	5966
456	6029
457	5954
458	6102
459	5848
460	5931
461	5922
462	5895
463	5968
464	5988
465	6033
466	5986
467	5947
468	5880
469	6039
470	6006
471	6090
472	5915
473	6051
474	5949
475	5896
476	6052
477	6055
478	5906
479	5995
480	6049
481	5873
482	6125
483	6003
484	6035
485	5874
486	5974
487	5913
488	5995
489	6168
490	6152
491	6069
492	5914
493	6109
494	5975
495	6057
496	5907
497	5932
498	5983
499	5956
500	5766
501	6018
502	5912
503	5962
504	6054
505	6064
506	5914
507	5995
508	6071
509	5970
510	5974
511	6132
512	5933
513	6139
514	5964
515	5912
516	6004
517	5895
518	6042
519	5972
520	6004
521	5983
522	6040
523	5998
524	5999
525	5937
526	6004
527	5907
528	5950
529	6062
530	5932
531	5993
532	6002
533	6011
534	6058
535	6028
536	5875
537	5896
538	5990
539	6006
540	6036
541	5933
542	5833
543	5986
544	6068
545	6051
546	5844
547	5839
548	5980
549	5944
550	6081
551	6050
552	5904
553	5942
554	6059
555	5835
556	5923
557	6068
558	6140
559	5845
560	5899
561	5958
562	5929
563	5926
564	5908
565	5989
566	5934
567	5913
568	6003
569	5965
570	5975
571	5956
572	5964
573	6133
574	6050
575	5965
576	5846
577	6001
578	6003
579	6072
580	6067
581	6046
582	6014
583	5918
584	6030
585	6028
586	5855
587	6106
588	6071
589	6007
590	5953
591	5993
592	6080
593	6069
594	5976
595	6057
596	6071
597	5999
598	5920
599	5876
600	5998
601	5925
602	5974
603	6042
604	5988
605	5968
606	6023
607	5939
608	6038
609	5893
610	5984
611	5969
612	5950
613	6049
614	5916
615	5914
616	6144
617	5981
618	6014
619	6158
620	5865
621	5908
622	6009
623	6067
624	5959
625	5968
626	6032
627	6010
628	5763
629	5935
630	6019
631	6019
632	6085
633	6048
634	5958
635	5993
636	6136
637	5992
638	5883
639	6132
640	5987
641	6041
642	5773
643	5927
644	5875
645	6003
646	6042
647	5845
648	5931
649	5901
650	6076
651	6064
652	5947
653	5978
654	5995
655	6000
656	5986
657	5770
658	6064
659	5990
660	5926
661	5948
662	5978
663	5962
664	6018
665	5971
666	6090
667	6071
668	5909
669	6109
670	5954
671	6022
672	6090
673	5979
674	6031
675	5973
676	5881
677	6030
678	5972
679	6006
680	5926
681	5879
682	6002
683	5969
684	6068
685	6045
686	5811
687	5871
688	5988
689	5944
690	5990
691	5954
692	6004
693	5922
694	5915
695	6095
696	6024
697	5958
698	5913
699	6136
700	6000
701	6031
702	5987
703	5934
704	5951
705	5968
706	5890
707	6074
708	5903
709	5935
710	5980
711	5987
712	5893
713	5933
714	5920
715	5973
716	6034
717	5979
718	6037
719	5834
720	5960
721	6003
722	6087
723	6003
724	5961
725	6109
726	5937
727	6046
728	5957
729	6199
730	5896
731	6041
732	5882
733	5994
734	5972
735	6014
736	5874
737	6082
738	6023
739	5976
740	5987
741	6016
742	6006
743	6019
744	6207
745	6051
746	6125
747	5919
748	5957
749	5913
750	6036
751	5876
752	6059
753	5910
754	5909
755	5930
756	6062
757	5909
758	6148
759	5949
760	6102
761	6079
762	5944
763	5985
764	6008
765	6212
766	5973
767	5975
768	6025
769	5922
770	5874
771	6004
772	5871
773	6042
774	5957
775	5896
776	6015
777	6163
778	6042
779	6063
780	6018
781	5841
782	6029
783	6058
784	6037
785	6134
786	6055
787	5916
788	5978
789	5894
790	5992
791	5904
792	5978
793	5916
794	5917
795	5915
796	6002
797	6122
798	6048
799	6155
800	5777
801	5978
802	6058
803	5988
804	5886
805	5996
806	6086
807	5996
808	5951
809	6060
810	5821
811	6140
812	5974
813	5843
814	5984
815	6001
816	5992
817	6037
818	6032
819	6042
820	6035
821	5905
822	5920
823	5934
824	6013
825	5853
826	5971
827	5909
828	5986
829	6028
830	5867
831	5936
832	5850
833	6042
834	6039
835	5924
836	6039
837	6066
838	6016
839	6033
840	5942
841	5928
842	5832
843	5994
844	5980
845	6076
846	5987
847	5876
848	6168
849	6049
850	6122
851	5944
852	6020
853	5853
854	5907
855	5996
856	5986
857	5859
858	5959
859	6027
860	5856
861	5978
862	5985
863	6074
864	6036
865	6052
866	5957
867	5930
868	5993
869	6068
870	6123
871	5900
872	6032
873	5903
874	5909
875	5985
876	6010
877	6002
878	6000
879	5981
880	5955
881	5896
882	6086
883	5938
884	6045
885	5936
886	5976
887	5930
888	5985
889	5885
890	6083
891	6045
892	6004
893	5833
894	5912
895	5961
896	6067
897	5921
898	6065
899	6000
900	6003
901	5926
902	5969
903	6087
904	5911
905	6100
906	5970
907	5996
908	5919
909	6017
910	5928
911	5935
912	5949
913	6082
914	6012
915	5898
916	6034
917	6042
918	6008
919	6011
920	6095
921	6011
922	6019
923	5965
924	6058
925	5993
926	5811
927	6059
928	5926
929	5944
930	5981
931	5991
932	6004
933	6068
934	6048
935	6016
936	5966
937	5935
938	5934
939	5936
940	6014
941	6002
942	5962
943	6024
944	5977
945	5851
946	5993
947	6020
948	5917
949	5927
950	6108
951	5997
952	5979
953	5971
954	5912
955	6151
956	5922
957	5957
958	5973
959	5913
960	5983
961	6004
962	5866
963	6028
964	5940
965	6020
966	5990
967	6095
968	5953
969	5900
970	6075
971	5984
972	6139
973	6169
974	6019
975	5982
976	5981
977	5942
978	6008
979	5985
980	5928
981	5978
982	5936
983	5986
984	6100
985	5968
986	5881
987	6010
988	6119
989	6041
990	6173
991	5957
992	6091
993	5972
994	6004
995	6034
996	6032
997	5853
998	6012
999	5845
