NO	Overlapping
0	4875
1	4777
2	4852
3	4796
4	4822
5	4936
6	4832
7	4836
8	4819
9	4763
10	4793
11	4846
12	4824
13	4843
14	4945
15	4834
16	4863
17	4820
18	4906
19	4916
20	4830
21	4737
22	4754
23	4745
24	4891
25	4902
26	4882
27	4867
28	4854
29	4873
30	4936
31	4991
32	4818
33	4788
34	4851
35	4797
36	4843
37	4889
38	4847
39	4877
40	4858
41	4786
42	4780
43	4741
44	4770
45	4955
46	4859
47	4895
48	4819
49	4819
50	4826
51	4885
52	4781
53	4862
54	4836
55	4836
56	4863
57	4757
58	4843
59	4856
60	4878
61	4705
62	4790
63	4809
64	4854
65	4799
66	4877
67	4840
68	4926
69	4870
70	4744
71	4829
72	4728
73	4752
74	4793
75	4785
76	4978
77	4746
78	4844
79	4888
80	4806
81	4944
82	4751
83	4847
84	4839
85	4827
86	4873
87	4849
88	4829
89	4900
90	4823
91	4778
92	4878
93	4836
94	4912
95	4736
96	4803
97	4926
98	4743
99	4792
100	4786
101	4859
102	4829
103	4887
104	4852
105	4844
106	4814
107	4975
108	4856
109	4689
110	4862
111	4810
112	4803
113	4812
114	4750
115	4874
116	4713
117	4891
118	4860
119	4786
120	4885
121	4803
122	4842
123	4838
124	4869
125	4918
126	4927
127	4916
128	4774
129	4748
130	4824
131	4899
132	4795
133	4830
134	4848
135	4863
136	4827
137	4981
138	4917
139	4882
140	4895
141	4897
142	4727
143	4869
144	4852
145	4876
146	4905
147	4762
148	4826
149	4945
150	4862
151	4924
152	4834
153	4898
154	4863
155	4904
156	4837
157	4785
158	4874
159	4799
160	4864
161	4872
162	4772
163	4966
164	4882
165	4887
166	4952
167	5028
168	4930
169	4839
170	4877
171	4843
172	4888
173	4838
174	4795
175	4801
176	4865
177	4835
178	4849
179	4835
180	4923
181	4899
182	4568
183	4842
184	4738
185	4714
186	4845
187	4813
188	4740
189	4766
190	4740
191	4843
192	4887
193	4792
194	4711
195	4809
196	4833
197	4880
198	4869
199	4685
200	4899
201	4744
202	4913
203	4848
204	4925
205	4822
206	4907
207	4792
208	4799
209	4790
210	4867
211	4902
212	4680
213	5021
214	4890
215	4925
216	4830
217	4752
218	4846
219	4967
220	4976
221	4834
222	4701
223	4915
224	4760
225	4946
226	4884
227	4968
228	4923
229	4931
230	4795
231	5020
232	4803
233	4709
234	4827
235	4719
236	4980
237	4920
238	4843
239	4909
240	4770
241	4836
242	4817
243	4880
244	4776
245	4883
246	4907
247	4763
248	4695
249	4879
250	4794
251	4826
252	4936
253	4759
254	4808
255	4754
256	4838
257	4829
258	4788
259	4786
260	4922
261	4914
262	4811
263	4788
264	4827
265	4752
266	4703
267	4770
268	4872
269	4759
270	4720
271	4882
272	4841
273	4729
274	4940
275	4820
276	4795
277	4731
278	4816
279	4895
280	4918
281	4939
282	4964
283	4899
284	4901
285	4848
286	4911
287	4884
288	4844
289	4669
290	4821
291	4790
292	4788
293	4815
294	4825
295	4815
296	4768
297	4837
298	4829
299	4951
300	5008
301	4875
302	4820
303	4818
304	4882
305	4804
306	4864
307	4837
308	4810
309	4846
310	4823
311	4892
312	4840
313	4827
314	4896
315	4744
316	4802
317	4902
318	4792
319	4857
320	4809
321	4882
322	4989
323	4792
324	4901
325	4925
326	4873
327	4832
328	4917
329	4779
330	4937
331	4894
332	4747
333	4905
334	4810
335	4853
336	4790
337	4895
338	4886
339	4760
340	4782
341	4923
342	4823
343	4832
344	4813
345	4826
346	4955
347	4879
348	4821
349	4781
350	4840
351	4903
352	4709
353	4788
354	4779
355	4820
356	4899
357	4869
358	4923
359	4998
360	4861
361	4876
362	4807
363	4831
364	4841
365	4807
366	4815
367	4874
368	4818
369	4745
370	4994
371	4727
372	4835
373	4983
374	4767
375	4764
376	4785
377	4872
378	4991
379	4880
380	4693
381	4901
382	4806
383	4793
384	4767
385	4857
386	4944
387	4890
388	4848
389	4837
390	4832
391	4786
392	4872
393	4817
394	4764
395	4957
396	4933
397	4789
398	4762
399	4729
400	4786
401	4839
402	4901
403	4894
404	4912
405	4811
406	4771
407	4953
408	4837
409	4808
410	4731
411	4884
412	4722
413	4944
414	4966
415	4852
416	4839
417	4936
418	4886
419	4851
420	4820
421	4822
422	4863
423	4689
424	4817
425	4881
426	4777
427	4842
428	4888
429	4814
430	4788
431	4830
432	4844
433	4831
434	4837
435	4892
436	4836
437	4781
438	4819
439	4762
440	4782
441	4851
442	4818
443	4829
444	4830
445	4788
446	4821
447	4740
448	4792
449	4855
450	4838
451	4873
452	4759
453	4746
454	4851
455	4764
456	4862
457	4798
458	4826
459	4835
460	4897
461	5039
462	4865
463	4860
464	4902
465	4881
466	4912
467	4812
468	4916
469	4718
470	4849
471	4706
472	4776
473	4906
474	4848
475	4855
476	4767
477	4780
478	4790
479	4780
480	4847
481	4833
482	4794
483	4847
484	4867
485	4895
486	4820
487	4824
488	4785
489	4778
490	4778
491	4879
492	4848
493	4971
494	4880
495	4892
496	4808
497	4869
498	4802
499	4723
500	4925
501	4810
502	4867
503	4956
504	4859
505	4833
506	4923
507	4900
508	4821
509	4788
510	4787
511	4906
512	4942
513	4870
514	4785
515	4796
516	4823
517	4869
518	4849
519	4817
520	4874
521	4852
522	4734
523	4902
524	4832
525	4880
526	4782
527	4817
528	4909
529	4948
530	4782
531	4804
532	4852
533	4991
534	4949
535	4756
536	4857
537	4729
538	4944
539	4908
540	4795
541	4854
542	4784
543	4874
544	4853
545	4871
546	4861
547	4711
548	4882
549	4821
550	4722
551	4874
552	4794
553	4780
554	4988
555	4763
556	4793
557	4896
558	4771
559	4772
560	4814
561	4979
562	4859
563	4757
564	4875
565	4766
566	4902
567	4745
568	4749
569	4847
570	4796
571	4816
572	4890
573	4765
574	4906
575	4832
576	4977
577	4893
578	4776
579	4828
580	4737
581	4746
582	4857
583	4902
584	4825
585	4877
586	4913
587	4706
588	4878
589	4880
590	4625
591	4788
592	4979
593	4795
594	4814
595	4921
596	4856
597	4852
598	4924
599	4841
600	4861
601	4842
602	4808
603	4922
604	4877
605	4806
606	4833
607	4847
608	4884
609	4883
610	4938
611	4824
612	4871
613	4891
614	4827
615	4837
616	4859
617	4710
618	4749
619	4775
620	4807
621	4774
622	4876
623	4775
624	4905
625	4830
626	4856
627	4802
628	4831
629	4791
630	4741
631	4902
632	4910
633	4891
634	4875
635	4881
636	4755
637	4794
638	4839
639	4787
640	4850
641	4906
642	4946
643	4900
644	4917
645	4812
646	4838
647	4796
648	4866
649	4791
650	4781
651	4829
652	4738
653	4859
654	4847
655	4927
656	4886
657	5025
658	4798
659	4757
660	4840
661	4923
662	4818
663	4791
664	4776
665	4930
666	4730
667	4777
668	4898
669	4879
670	4794
671	4950
672	4895
673	4757
674	4755
675	4892
676	4861
677	4789
678	4913
679	4758
680	4914
681	4823
682	4914
683	4927
684	4843
685	4798
686	4835
687	4892
688	4877
689	4839
690	4825
691	4930
692	4746
693	4817
694	4764
695	4882
696	4833
697	4930
698	4904
699	4849
700	4872
701	4847
702	4715
703	4686
704	4770
705	4787
706	4806
707	4799
708	4917
709	4866
710	4974
711	4942
712	4907
713	4774
714	4858
715	4903
716	4900
717	4805
718	4933
719	4789
720	4788
721	4836
722	4785
723	4746
724	4757
725	4816
726	4851
727	4835
728	4920
729	4893
730	4895
731	4771
732	4924
733	4943
734	4886
735	4808
736	4879
737	4787
738	4711
739	4891
740	4904
741	4948
742	4757
743	4754
744	4784
745	4916
746	4850
747	4827
748	4898
749	4789
750	4780
751	4733
752	4922
753	4763
754	4856
755	4922
756	4815
757	4737
758	4970
759	4918
760	4736
761	4892
762	4879
763	4766
764	4769
765	4893
766	4816
767	4826
768	4822
769	4860
770	4791
771	4798
772	4766
773	4972
774	4970
775	4903
776	4961
777	4820
778	4870
779	4894
780	4889
781	4787
782	4982
783	4830
784	4772
785	4740
786	4758
787	4813
788	4778
789	4746
790	4827
791	4794
792	4785
793	4831
794	4892
795	4896
796	4845
797	4785
798	4741
799	4794
800	4801
801	4867
802	4842
803	4770
804	4791
805	4750
806	4832
807	4721
808	4888
809	4905
810	4893
811	4957
812	5005
813	4827
814	4798
815	4958
816	4800
817	4872
818	4876
819	4857
820	4778
821	4831
822	4889
823	4860
824	4742
825	4745
826	4773
827	5007
828	4827
829	4854
830	4796
831	4822
832	4836
833	4784
834	4878
835	4864
836	4727
837	4847
838	4947
839	4905
840	4786
841	4898
842	4849
843	4866
844	4852
845	4897
846	4883
847	4861
848	4971
849	4813
850	4816
851	4774
852	4914
853	4832
854	4839
855	4920
856	4806
857	4796
858	4847
859	4899
860	4805
861	4918
862	4965
863	4874
864	4947
865	4804
866	4825
867	4870
868	4811
869	4739
870	4847
871	4811
872	4898
873	4856
874	4698
875	4718
876	4771
877	4866
878	4743
879	4924
880	4790
881	4845
882	4778
883	4851
884	4655
885	4941
886	5006
887	4906
888	4795
889	4924
890	4830
891	4835
892	4963
893	4857
894	4944
895	4841
896	4847
897	4800
898	4939
899	4859
900	4829
901	4893
902	4824
903	4852
904	4858
905	4794
906	4873
907	4782
908	4751
909	4897
910	4825
911	4931
912	4833
913	4841
914	4748
915	4819
916	4857
917	4907
918	4834
919	4825
920	4759
921	4980
922	4883
923	4858
924	4738
925	4898
926	4858
927	4774
928	4886
929	4918
930	4892
931	4941
932	4765
933	4860
934	4784
935	4950
936	4769
937	4735
938	4793
939	4764
940	4851
941	4933
942	4861
943	4767
944	4899
945	4736
946	4841
947	4913
948	4918
949	4783
950	4753
951	4772
952	4815
953	4846
954	4848
955	4739
956	4873
957	4865
958	4873
959	4926
960	4923
961	4712
962	4876
963	4914
964	4853
965	4975
966	4758
967	4866
968	4924
969	4874
970	4770
971	4828
972	5009
973	4949
974	4825
975	4874
976	4801
977	4772
978	4780
979	4930
980	4802
981	4877
982	4804
983	4747
984	4898
985	4839
986	4859
987	4947
988	4800
989	4726
990	4837
991	4939
992	4861
993	4809
994	4846
995	4822
996	4888
997	4834
998	4906
999	4820
