NO	Overlapping
0	1333
1	1338
2	1299
3	1344
4	1358
5	1331
6	1277
7	1289
8	1277
9	1280
10	1286
11	1286
12	1345
13	1309
14	1264
15	1358
16	1426
17	1296
18	1317
19	1321
20	1268
21	1279
22	1353
23	1310
24	1380
25	1279
26	1370
27	1359
28	1346
29	1206
30	1278
31	1323
32	1334
33	1342
34	1392
35	1373
36	1295
37	1352
38	1347
39	1318
40	1254
41	1315
42	1278
43	1338
44	1372
45	1369
46	1290
47	1323
48	1326
49	1309
50	1353
51	1344
52	1343
53	1279
54	1342
55	1323
56	1305
57	1340
58	1378
59	1296
60	1307
61	1326
62	1300
63	1304
64	1296
65	1306
66	1344
67	1252
68	1304
69	1306
70	1342
71	1334
72	1302
73	1284
74	1324
75	1307
76	1313
77	1318
78	1304
79	1283
80	1326
81	1308
82	1328
83	1306
84	1377
85	1346
86	1267
87	1336
88	1292
89	1352
90	1331
91	1354
92	1363
93	1347
94	1339
95	1310
96	1346
97	1296
98	1283
99	1342
100	1286
101	1315
102	1367
103	1304
104	1363
105	1375
106	1316
107	1415
108	1283
109	1356
110	1289
111	1312
112	1320
113	1345
114	1281
115	1289
116	1342
117	1269
118	1387
119	1361
120	1364
121	1315
122	1331
123	1307
124	1388
125	1373
126	1323
127	1302
128	1275
129	1337
130	1276
131	1342
132	1293
133	1302
134	1379
135	1368
136	1292
137	1319
138	1308
139	1342
140	1317
141	1288
142	1315
143	1405
144	1308
145	1308
146	1337
147	1303
148	1389
149	1337
150	1327
151	1388
152	1324
153	1339
154	1322
155	1369
156	1329
157	1281
158	1345
159	1253
160	1285
161	1339
162	1260
163	1370
164	1363
165	1333
166	1327
167	1327
168	1384
169	1368
170	1288
171	1337
172	1379
173	1330
174	1356
175	1338
176	1332
177	1307
178	1281
179	1287
180	1312
181	1335
182	1321
183	1290
184	1327
185	1364
186	1300
187	1341
188	1320
189	1359
190	1320
191	1285
192	1304
193	1290
194	1304
195	1280
196	1267
197	1310
198	1279
199	1336
200	1397
201	1374
202	1342
203	1373
204	1352
205	1330
206	1291
207	1314
208	1317
209	1247
210	1314
211	1273
212	1311
213	1293
214	1302
215	1310
216	1304
217	1325
218	1349
219	1363
220	1285
221	1345
222	1324
223	1318
224	1307
225	1422
226	1244
227	1297
228	1347
229	1260
230	1249
231	1353
232	1359
233	1301
234	1349
235	1340
236	1292
237	1266
238	1341
239	1331
240	1363
241	1344
242	1322
243	1365
244	1363
245	1347
246	1243
247	1314
248	1308
249	1323
250	1310
251	1306
252	1338
253	1333
254	1305
255	1322
256	1289
257	1336
258	1421
259	1312
260	1316
261	1371
262	1278
263	1357
264	1318
265	1330
266	1229
267	1301
268	1340
269	1365
270	1313
271	1297
272	1331
273	1297
274	1317
275	1317
276	1336
277	1292
278	1339
279	1273
280	1294
281	1329
282	1338
283	1353
284	1291
285	1352
286	1319
287	1284
288	1281
289	1399
290	1332
291	1385
292	1289
293	1270
294	1338
295	1241
296	1288
297	1284
298	1323
299	1363
300	1296
301	1333
302	1314
303	1378
304	1302
305	1380
306	1303
307	1371
308	1298
309	1370
310	1313
311	1394
312	1336
313	1378
314	1320
315	1320
316	1276
317	1331
318	1327
319	1316
320	1332
321	1274
322	1325
323	1269
324	1226
325	1283
326	1276
327	1348
328	1293
329	1272
330	1305
331	1282
332	1323
333	1371
334	1360
335	1306
336	1356
337	1321
338	1345
339	1262
340	1321
341	1330
342	1310
343	1318
344	1297
345	1312
346	1332
347	1299
348	1315
349	1271
350	1322
351	1329
352	1270
353	1265
354	1324
355	1378
356	1293
357	1323
358	1309
359	1327
360	1315
361	1355
362	1345
363	1328
364	1355
365	1304
366	1286
367	1331
368	1288
369	1354
370	1320
371	1337
372	1372
373	1320
374	1417
375	1289
376	1305
377	1388
378	1338
379	1347
380	1342
381	1291
382	1307
383	1302
384	1243
385	1369
386	1304
387	1296
388	1333
389	1271
390	1317
391	1299
392	1276
393	1350
394	1345
395	1323
396	1280
397	1324
398	1270
399	1298
400	1293
401	1350
402	1280
403	1335
404	1345
405	1269
406	1287
407	1328
408	1315
409	1329
410	1323
411	1330
412	1350
413	1346
414	1368
415	1257
416	1329
417	1342
418	1321
419	1380
420	1365
421	1306
422	1235
423	1267
424	1331
425	1328
426	1262
427	1240
428	1393
429	1339
430	1302
431	1271
432	1349
433	1321
434	1336
435	1375
436	1358
437	1325
438	1303
439	1371
440	1267
441	1314
442	1295
443	1315
444	1302
445	1309
446	1384
447	1355
448	1336
449	1235
450	1347
451	1313
452	1335
453	1284
454	1373
455	1283
456	1375
457	1306
458	1296
459	1394
460	1320
461	1368
462	1260
463	1348
464	1334
465	1307
466	1358
467	1358
468	1265
469	1294
470	1335
471	1309
472	1369
473	1326
474	1329
475	1296
476	1315
477	1320
478	1406
479	1356
480	1288
481	1360
482	1271
483	1278
484	1313
485	1329
486	1325
487	1278
488	1303
489	1354
490	1275
491	1376
492	1357
493	1307
494	1291
495	1367
496	1335
497	1339
498	1339
499	1371
500	1353
501	1247
502	1328
503	1338
504	1336
505	1334
506	1266
507	1257
508	1259
509	1387
510	1351
511	1294
512	1344
513	1342
514	1307
515	1385
516	1313
517	1244
518	1341
519	1295
520	1289
521	1285
522	1331
523	1349
524	1334
525	1330
526	1360
527	1357
528	1349
529	1351
530	1358
531	1354
532	1323
533	1367
534	1313
535	1285
536	1357
537	1358
538	1363
539	1378
540	1340
541	1333
542	1363
543	1393
544	1343
545	1320
546	1316
547	1306
548	1365
549	1375
550	1374
551	1320
552	1307
553	1329
554	1328
555	1347
556	1383
557	1346
558	1258
559	1364
560	1274
561	1355
562	1371
563	1312
564	1387
565	1335
566	1306
567	1344
568	1318
569	1370
570	1296
571	1242
572	1341
573	1348
574	1343
575	1297
576	1369
577	1406
578	1312
579	1266
580	1377
581	1288
582	1288
583	1306
584	1282
585	1339
586	1278
587	1299
588	1344
589	1369
590	1351
591	1301
592	1310
593	1342
594	1307
595	1292
596	1324
597	1310
598	1299
599	1259
600	1340
601	1301
602	1291
603	1299
604	1368
605	1285
606	1320
607	1328
608	1343
609	1429
610	1294
611	1289
612	1256
613	1356
614	1296
615	1376
616	1319
617	1312
618	1301
619	1303
620	1327
621	1324
622	1312
623	1305
624	1281
625	1360
626	1311
627	1387
628	1277
629	1400
630	1289
631	1307
632	1312
633	1277
634	1362
635	1301
636	1348
637	1352
638	1350
639	1269
640	1334
641	1319
642	1314
643	1326
644	1300
645	1418
646	1309
647	1305
648	1328
649	1392
650	1367
651	1331
652	1294
653	1339
654	1361
655	1325
656	1354
657	1369
658	1310
659	1311
660	1314
661	1338
662	1311
663	1287
664	1340
665	1404
666	1327
667	1308
668	1343
669	1330
670	1355
671	1262
672	1345
673	1364
674	1349
675	1346
676	1343
677	1353
678	1291
679	1305
680	1352
681	1275
682	1297
683	1360
684	1345
685	1295
686	1339
687	1336
688	1306
689	1296
690	1302
691	1329
692	1307
693	1317
694	1271
695	1332
696	1407
697	1393
698	1347
699	1301
700	1272
701	1327
702	1317
703	1364
704	1348
705	1282
706	1336
707	1318
708	1306
709	1351
710	1381
711	1324
712	1353
713	1329
714	1281
715	1296
716	1331
717	1306
718	1328
719	1367
720	1383
721	1345
722	1294
723	1373
724	1325
725	1312
726	1337
727	1368
728	1304
729	1370
730	1283
731	1297
732	1354
733	1298
734	1300
735	1280
736	1309
737	1310
738	1320
739	1289
740	1391
741	1264
742	1317
743	1353
744	1307
745	1324
746	1355
747	1279
748	1325
749	1267
750	1327
751	1311
752	1337
753	1326
754	1284
755	1393
756	1367
757	1313
758	1298
759	1268
760	1303
761	1302
762	1316
763	1311
764	1383
765	1285
766	1411
767	1369
768	1305
769	1309
770	1355
771	1297
772	1329
773	1341
774	1270
775	1310
776	1368
777	1307
778	1331
779	1350
780	1350
781	1331
782	1394
783	1337
784	1306
785	1375
786	1339
787	1319
788	1238
789	1362
790	1297
791	1333
792	1329
793	1308
794	1372
795	1379
796	1338
797	1337
798	1353
799	1323
800	1340
801	1293
802	1351
803	1329
804	1314
805	1353
806	1375
807	1255
808	1274
809	1348
810	1365
811	1292
812	1300
813	1323
814	1316
815	1341
816	1254
817	1333
818	1290
819	1306
820	1323
821	1294
822	1369
823	1336
824	1283
825	1280
826	1299
827	1372
828	1343
829	1318
830	1346
831	1317
832	1360
833	1360
834	1281
835	1320
836	1293
837	1317
838	1334
839	1371
840	1382
841	1370
842	1379
843	1347
844	1310
845	1292
846	1350
847	1355
848	1316
849	1326
850	1329
851	1333
852	1343
853	1348
854	1344
855	1339
856	1348
857	1363
858	1340
859	1288
860	1320
861	1284
862	1246
863	1296
864	1397
865	1297
866	1289
867	1351
868	1327
869	1303
870	1248
871	1331
872	1334
873	1332
874	1283
875	1317
876	1318
877	1372
878	1338
879	1387
880	1302
881	1333
882	1341
883	1318
884	1355
885	1371
886	1296
887	1342
888	1304
889	1353
890	1361
891	1373
892	1363
893	1344
894	1267
895	1276
896	1364
897	1326
898	1310
899	1375
900	1293
901	1325
902	1427
903	1312
904	1362
905	1283
906	1375
907	1324
908	1280
909	1278
910	1368
911	1261
912	1311
913	1295
914	1407
915	1258
916	1289
917	1360
918	1306
919	1326
920	1297
921	1307
922	1305
923	1338
924	1284
925	1352
926	1360
927	1309
928	1359
929	1302
930	1322
931	1360
932	1331
933	1350
934	1371
935	1337
936	1374
937	1278
938	1257
939	1305
940	1488
941	1336
942	1326
943	1408
944	1339
945	1359
946	1297
947	1350
948	1345
949	1321
950	1349
951	1347
952	1311
953	1297
954	1314
955	1301
956	1382
957	1329
958	1338
959	1315
960	1354
961	1395
962	1323
963	1303
964	1293
965	1306
966	1311
967	1328
968	1381
969	1340
970	1349
971	1374
972	1346
973	1360
974	1324
975	1364
976	1235
977	1289
978	1317
979	1324
980	1309
981	1301
982	1353
983	1336
984	1329
985	1291
986	1313
987	1398
988	1333
989	1369
990	1387
991	1287
992	1353
993	1325
994	1380
995	1301
996	1314
997	1331
998	1411
999	1320
