NO	Overlapping
0	6704
1	6857
2	6826
3	7041
4	6782
5	7016
6	6938
7	6922
8	6894
9	6936
10	6821
11	7017
12	7032
13	6984
14	7152
15	7068
16	6988
17	7024
18	6885
19	7035
20	6924
21	6927
22	7046
23	6916
24	6852
25	6858
26	6922
27	6977
28	6869
29	6848
30	6999
31	6898
32	6984
33	6930
34	6958
35	7024
36	6981
37	7000
38	6820
39	6873
40	6988
41	6891
42	6965
43	7024
44	6834
45	6942
46	6959
47	7087
48	7019
49	6985
50	6951
51	6927
52	7019
53	6830
54	6935
55	6994
56	6991
57	6970
58	6883
59	6925
60	6951
61	6902
62	6984
63	6893
64	7025
65	6942
66	7013
67	7030
68	6995
69	7018
70	7058
71	6909
72	6921
73	7049
74	7007
75	6882
76	6858
77	6951
78	6888
79	6832
80	6914
81	7018
82	6931
83	6861
84	6809
85	6945
86	6876
87	7017
88	6898
89	6891
90	6916
91	6858
92	6784
93	6992
94	7099
95	6980
96	6997
97	7016
98	6903
99	6911
100	6941
101	6925
102	6895
103	7098
104	7012
105	6898
106	6915
107	6949
108	6912
109	7060
110	6956
111	6974
112	6891
113	6845
114	7135
115	6853
116	6936
117	6915
118	6839
119	6922
120	6883
121	7015
122	6886
123	6939
124	7021
125	6876
126	6871
127	6932
128	7099
129	6901
130	7009
131	6825
132	6969
133	6817
134	6935
135	6923
136	6865
137	6814
138	6859
139	6858
140	6846
141	6801
142	6856
143	7052
144	6973
145	6973
146	6920
147	6922
148	6913
149	7120
150	6916
151	6972
152	6788
153	6947
154	6831
155	6771
156	6904
157	6977
158	7102
159	6915
160	6950
161	6870
162	6906
163	6950
164	6993
165	7047
166	6897
167	6925
168	6942
169	6869
170	6770
171	6922
172	6811
173	6959
174	7065
175	6879
176	6971
177	6912
178	7035
179	6971
180	6919
181	6967
182	7008
183	6976
184	6794
185	6966
186	6904
187	7006
188	6977
189	6890
190	7013
191	7006
192	6962
193	6909
194	6886
195	6931
196	6977
197	6825
198	6778
199	6889
200	6822
201	6910
202	6897
203	7088
204	7066
205	6958
206	6913
207	6888
208	7067
209	6979
210	7014
211	6972
212	6952
213	6937
214	6906
215	6938
216	6953
217	7084
218	6830
219	6923
220	6960
221	6814
222	7066
223	6839
224	6818
225	7166
226	7090
227	7015
228	6951
229	6880
230	6789
231	6799
232	6932
233	7030
234	6953
235	6932
236	6987
237	6955
238	6773
239	6926
240	6956
241	6934
242	6862
243	7086
244	6910
245	6950
246	6980
247	6763
248	6988
249	6900
250	6765
251	6909
252	6863
253	7050
254	6996
255	6871
256	6974
257	6888
258	6873
259	6926
260	6908
261	6913
262	6927
263	7005
264	6904
265	6902
266	6858
267	6979
268	6887
269	6968
270	6901
271	6873
272	6991
273	6922
274	6989
275	6799
276	6904
277	6979
278	7008
279	6911
280	6774
281	6889
282	7007
283	6845
284	6901
285	7010
286	6925
287	6841
288	6846
289	7020
290	6883
291	6900
292	6991
293	6895
294	6965
295	6810
296	6743
297	6913
298	6861
299	6864
300	7020
301	6847
302	7026
303	6751
304	6926
305	6795
306	6889
307	6905
308	7070
309	6979
310	6842
311	6903
312	6927
313	6799
314	6735
315	6740
316	6931
317	6980
318	6940
319	6906
320	6847
321	7027
322	7035
323	6897
324	6792
325	6959
326	6898
327	6983
328	7001
329	6829
330	6938
331	6918
332	7006
333	6850
334	6978
335	6921
336	7071
337	6889
338	7023
339	6835
340	6918
341	6899
342	6866
343	6942
344	6859
345	6922
346	6904
347	7077
348	6947
349	7040
350	6873
351	7103
352	7077
353	6879
354	6773
355	7039
356	6850
357	6952
358	6738
359	6847
360	6857
361	6776
362	6915
363	7003
364	6972
365	6943
366	6849
367	6798
368	6845
369	6965
370	6919
371	6950
372	6967
373	6857
374	6764
375	6793
376	6795
377	6849
378	6914
379	7020
380	6790
381	6860
382	6819
383	6841
384	6819
385	6916
386	6942
387	6963
388	6992
389	6878
390	6863
391	6926
392	7069
393	6892
394	6922
395	6895
396	6895
397	6998
398	7009
399	6903
400	6796
401	7083
402	6815
403	7139
404	6853
405	6942
406	6833
407	7035
408	6950
409	7013
410	6950
411	6925
412	6919
413	6939
414	6882
415	6938
416	6981
417	6921
418	6995
419	6889
420	7022
421	6942
422	6867
423	6890
424	6751
425	6853
426	6963
427	6936
428	6935
429	6935
430	6858
431	6857
432	6912
433	6846
434	6786
435	6803
436	6895
437	7043
438	6861
439	6878
440	7010
441	6834
442	6998
443	6811
444	6917
445	7064
446	6786
447	6949
448	6744
449	6876
450	6731
451	7010
452	6974
453	6940
454	6954
455	6896
456	7011
457	6851
458	6940
459	6966
460	6906
461	6864
462	7016
463	6851
464	6920
465	6886
466	6909
467	6955
468	7025
469	6931
470	6902
471	6996
472	6839
473	6885
474	6954
475	7026
476	6892
477	6916
478	7000
479	6847
480	6783
481	6956
482	6915
483	6885
484	6993
485	6981
486	6863
487	7124
488	6913
489	6815
490	6867
491	6827
492	6954
493	6680
494	6873
495	6848
496	6936
497	6915
498	6931
499	7028
500	6998
501	6973
502	6845
503	6900
504	6714
505	6910
506	6912
507	6944
508	6811
509	6927
510	6916
511	6776
512	6897
513	6891
514	6809
515	6862
516	6920
517	7010
518	7039
519	6946
520	7003
521	7025
522	6912
523	6997
524	7071
525	6884
526	7012
527	7006
528	6945
529	6888
530	6898
531	6926
532	6889
533	6944
534	6943
535	6757
536	6931
537	7035
538	6829
539	6914
540	6894
541	6972
542	6972
543	6790
544	7065
545	6952
546	6909
547	7140
548	6950
549	6800
550	6853
551	6959
552	6974
553	6792
554	6916
555	6791
556	6873
557	6856
558	7086
559	7018
560	6845
561	6905
562	7019
563	6872
564	7007
565	6930
566	6839
567	6823
568	6798
569	6969
570	6986
571	6874
572	6966
573	6978
574	6842
575	6766
576	6703
577	7032
578	6979
579	6895
580	6891
581	6854
582	6879
583	6807
584	6829
585	7036
586	6910
587	6792
588	6947
589	6938
590	6737
591	6951
592	6942
593	6759
594	6918
595	6903
596	7003
597	6986
598	6903
599	6917
600	6998
601	6807
602	6974
603	7016
604	6898
605	6910
606	6872
607	6919
608	6965
609	6940
610	6936
611	6899
612	7088
613	6869
614	6848
615	7024
616	6935
617	6889
618	6811
619	6923
620	6852
621	6908
622	6929
623	6909
624	6845
625	7007
626	6906
627	6954
628	6895
629	6860
630	6803
631	6857
632	6978
633	6864
634	6904
635	6958
636	6978
637	6810
638	6957
639	6947
640	6811
641	6799
642	6868
643	7019
644	6833
645	6923
646	7091
647	6962
648	6870
649	6848
650	6873
651	6998
652	6872
653	6985
654	6762
655	6888
656	7047
657	7152
658	6933
659	6986
660	6946
661	7031
662	6950
663	7008
664	6920
665	6821
666	6960
667	6964
668	6923
669	6935
670	6885
671	7080
672	6999
673	6879
674	7028
675	6894
676	6857
677	6916
678	6969
679	6961
680	7042
681	6985
682	6932
683	6926
684	6984
685	6975
686	6926
687	6841
688	6867
689	6822
690	7096
691	6947
692	7027
693	6913
694	6906
695	6986
696	6857
697	6909
698	6954
699	6961
700	6806
701	6864
702	6911
703	6973
704	6939
705	6913
706	7040
707	6964
708	6730
709	6867
710	6966
711	6720
712	6766
713	7024
714	7000
715	6833
716	6801
717	6848
718	6835
719	7005
720	7092
721	6890
722	6913
723	7027
724	6799
725	7110
726	6915
727	6864
728	6912
729	6979
730	6992
731	6881
732	6924
733	6889
734	6896
735	7008
736	6910
737	6967
738	7038
739	6928
740	6925
741	6998
742	6933
743	6895
744	6833
745	6813
746	6745
747	6922
748	6954
749	6982
750	6900
751	6868
752	6945
753	6794
754	6875
755	7000
756	7007
757	7124
758	6902
759	7050
760	6869
761	6792
762	6889
763	6898
764	6880
765	6812
766	6914
767	7073
768	6924
769	6975
770	6884
771	6886
772	7085
773	6923
774	6897
775	6858
776	6903
777	7111
778	6941
779	7067
780	7014
781	6788
782	6913
783	6995
784	6879
785	6896
786	6800
787	6809
788	6845
789	6953
790	6986
791	7015
792	6802
793	6808
794	6972
795	6716
796	7057
797	6842
798	6988
799	6861
800	6876
801	6833
802	6785
803	7031
804	6756
805	6883
806	6776
807	6900
808	6943
809	6808
810	6868
811	6898
812	6908
813	7000
814	6974
815	6810
816	6813
817	6886
818	6861
819	6939
820	6729
821	6950
822	6924
823	6865
824	6983
825	6927
826	6979
827	6838
828	6816
829	6922
830	6859
831	6925
832	6950
833	6923
834	6975
835	7045
836	6907
837	6823
838	6973
839	7028
840	7019
841	6837
842	6878
843	6959
844	6873
845	6819
846	6938
847	6824
848	6958
849	6823
850	6830
851	6934
852	6795
853	6904
854	6908
855	6901
856	6825
857	6950
858	6895
859	6890
860	6954
861	7000
862	6886
863	6910
864	6932
865	6915
866	6839
867	6926
868	6859
869	6932
870	7041
871	6865
872	6997
873	6787
874	7036
875	7045
876	6859
877	6879
878	6845
879	7019
880	6787
881	6976
882	6993
883	6823
884	6871
885	6806
886	6789
887	6912
888	7035
889	6919
890	6852
891	6786
892	7051
893	6979
894	7024
895	6830
896	6757
897	6877
898	6842
899	6950
900	7045
901	6919
902	6918
903	6895
904	6920
905	7095
906	6817
907	6858
908	6865
909	6888
910	6975
911	6800
912	7032
913	6887
914	6816
915	6872
916	6936
917	6966
918	6910
919	6772
920	6926
921	6907
922	7015
923	6955
924	6957
925	6825
926	6869
927	6953
928	6791
929	6919
930	7052
931	6826
932	6807
933	6924
934	6826
935	6926
936	6863
937	6884
938	7010
939	6970
940	6840
941	6976
942	6849
943	6855
944	6960
945	6865
946	6872
947	6917
948	7000
949	6954
950	6931
951	6887
952	6778
953	7120
954	6958
955	6760
956	6858
957	7009
958	7021
959	6824
960	6869
961	6976
962	7001
963	6788
964	6820
965	6887
966	6942
967	6841
968	6957
969	7019
970	6953
971	6884
972	7020
973	6933
974	6925
975	6962
976	6775
977	6839
978	7021
979	6925
980	6984
981	6769
982	6875
983	7020
984	6963
985	6889
986	6875
987	6901
988	6862
989	6871
990	6858
991	6841
992	6857
993	6872
994	6946
995	6962
996	6899
997	6746
998	6869
999	6961
